0 0.415920 0.655136 0.154481 0.073375
0 0.523231 0.655136 0.112028 0.098532
0 0.729009 0.655136 0.089623 0.098532
0 0.832783 0.644654 0.108491 0.077568
0 0.625236 0.879455 0.372642 0.106918
1 0.308019 0.610063 0.120283 0.100629
1 0.372877 0.530398 0.049528 0.058700
1 0.323349 0.530398 0.042453 0.075472
1 0.220165 0.577568 0.088443 0.140461
1 0.499057 0.548218 0.042453 0.064990
1 0.545047 0.546122 0.021226 0.073375
1 0.582783 0.539832 0.047170 0.115304
1 0.632901 0.570231 0.083726 0.125786
1 0.910613 0.587002 0.167453 0.113208