0 0.284434 0.749476 0.195755 0.148847
0 0.450708 0.737945 0.181604 0.129979
0 0.552123 0.715933 0.150943 0.132075
0 0.657905 0.687225 0.091677 0.064922
0 0.259054 0.654764 0.136945 0.031108
0 0.336922 0.641915 0.097763 0.041929
0 0.422170 0.635829 0.097383 0.035166
0 0.484708 0.633462 0.085210 0.027727
1 0.221470 0.566714 0.032715 0.033813
1 0.297360 0.565700 0.046789 0.062893
1 0.271302 0.562656 0.018259 0.058159
1 0.350350 0.555556 0.035758 0.041252
1 0.445184 0.564482 0.060484 0.062893
1 0.481703 0.572598 0.054397 0.050720
1 0.554245 0.592818 0.076080 0.073037
1 0.692673 0.619193 0.106893 0.089268
1 0.767042 0.619869 0.085971 0.062217