1 0.260849 0.632075 0.174528 0.153040
1 0.369929 0.559748 0.071934 0.079665
1 0.290920 0.537736 0.057783 0.073375
1 0.354009 0.525157 0.056604 0.044025
1 0.493750 0.540881 0.031840 0.050314
1 0.575118 0.541929 0.067217 0.069182
1 0.626415 0.536688 0.044811 0.050314
1 0.758491 0.550314 0.101415 0.085954
1 0.838090 0.553459 0.057783 0.083857
1 0.971816 0.604822 0.056368 0.115304
0 0.410613 0.681342 0.216981 0.100629
0 0.566274 0.682390 0.209906 0.094340
0 0.658844 0.684486 0.163915 0.077568
0 0.797406 0.674004 0.191038 0.069182
0 0.862854 0.658281 0.114387 0.062893
0 0.443632 0.597484 0.094340 0.033543
0 0.382901 0.844864 0.376179 0.184486
0 0.615802 0.834382 0.382075 0.171908
0 0.813325 0.816562 0.281840 0.153040