1 0.220165 0.524109 0.043632 0.054507
1 0.267335 0.522013 0.036557 0.050314
1 0.232547 0.567086 0.068396 0.064990
1 0.176533 0.611111 0.012972 0.102725
1 0.437736 0.547170 0.033019 0.083857
1 0.359316 0.536688 0.022406 0.054507
1 0.489623 0.523061 0.040094 0.035639
1 0.598113 0.537736 0.068396 0.077568
1 0.648231 0.524109 0.041274 0.096436
1 0.754953 0.573375 0.141509 0.085954
1 0.951887 0.578616 0.089623 0.155136
0 0.391745 0.635220 0.146226 0.058700
0 0.460141 0.825996 0.325472 0.201258
0 0.285024 0.814465 0.215802 0.178197
0 0.666509 0.801887 0.308962 0.245283
0 0.851061 0.767296 0.222877 0.197065