1 0.252594 0.614256 0.143868 0.100629
1 0.365802 0.550314 0.051887 0.085954
1 0.303302 0.528302 0.068396 0.062893
1 0.549175 0.532495 0.079009 0.079665
1 0.483137 0.530398 0.020047 0.041929
1 0.601651 0.524109 0.018868 0.033543
1 0.736675 0.544025 0.079009 0.077568
1 0.806250 0.553459 0.057783 0.096436
1 0.941863 0.577568 0.097877 0.123690
0 0.384670 0.856394 0.334906 0.182390
0 0.642925 0.874214 0.422170 0.125786
0 0.839269 0.820755 0.211085 0.174004
0 0.412972 0.649895 0.183962 0.079665
0 0.520283 0.643606 0.148585 0.071279
0 0.626415 0.641509 0.160377 0.046122