0 0.286069 0.731584 0.180953 0.099761
0 0.248048 0.644835 0.119551 0.024579
0 0.424976 0.687486 0.141103 0.075183
0 0.335922 0.628569 0.097999 0.036868
0 0.541802 0.666522 0.117111 0.060724
0 0.417778 0.615196 0.090273 0.031808
0 0.608084 0.634353 0.114671 0.049881
0 0.478570 0.607605 0.058149 0.026748
1 0.657287 0.560688 0.104912 0.106991
1 0.740241 0.563580 0.068315 0.072291
1 0.546479 0.566110 0.085800 0.067231
1 0.427781 0.555989 0.046357 0.045543
1 0.473528 0.548037 0.036191 0.045543
1 0.285133 0.560688 0.045543 0.067953
1 0.256466 0.573701 0.017485 0.070845
1 0.211329 0.574423 0.049203 0.033254
1 0.345112 0.549845 0.032938 0.034700
1 0.317664 0.551290 0.005693 0.044820