0 0.327476 0.653040 0.206368 0.060797
0 0.366981 0.848008 0.294811 0.182390
0 0.574528 0.786164 0.247642 0.159329
0 0.415920 0.647799 0.137972 0.054507
0 0.512028 0.634172 0.106132 0.035639
0 0.727830 0.750524 0.240566 0.155136
1 0.879953 0.595388 0.174528 0.163522
1 0.684198 0.578616 0.122642 0.075472
1 0.589269 0.542977 0.038915 0.071279
1 0.537972 0.557652 0.056604 0.062893
1 0.444811 0.535639 0.049528 0.044025
1 0.382311 0.567086 0.063679 0.073375
1 0.311557 0.556604 0.028302 0.035639
1 0.191274 0.582809 0.042453 0.096436