1 0.677255 0.576127 0.100236 0.089099
1 0.753169 0.575472 0.078125 0.060273
1 0.551666 0.570886 0.072229 0.068134
1 0.486439 0.557783 0.039062 0.041929
1 0.441664 0.563352 0.044590 0.053066
1 0.301334 0.570886 0.048275 0.060273
1 0.353295 0.555162 0.026165 0.037998
1 0.326946 0.551559 0.012529 0.032102
1 0.223025 0.566627 0.033166 0.046515
1 0.265035 0.565645 0.021374 0.048480
0 0.258218 0.642623 0.116819 0.015068
0 0.298017 0.728446 0.177992 0.135613
0 0.433041 0.692086 0.133771 0.094340
0 0.535377 0.662277 0.114976 0.077961
0 0.611844 0.644916 0.119767 0.069444
0 0.347546 0.629848 0.102815 0.028826
0 0.431272 0.619366 0.079231 0.034067
0 0.492519 0.612159 0.056383 0.032757
0 0.236955 0.612094 0.075177 0.024240