0 0.293868 0.756813 0.235849 0.100629
0 0.441274 0.734801 0.191038 0.102725
0 0.572759 0.711740 0.147406 0.060797
0 0.661449 0.687917 0.124357 0.021917
0 0.246409 0.654279 0.130253 0.043835
0 0.346913 0.643320 0.126501 0.039070
0 0.425279 0.630932 0.105060 0.042882
0 0.497373 0.628550 0.099164 0.028588
1 0.696130 0.619497 0.109884 0.101963
1 0.788057 0.621879 0.066467 0.097198
1 0.561321 0.596897 0.077358 0.073795
1 0.490802 0.575933 0.049528 0.045283
1 0.437972 0.563774 0.059906 0.056184
1 0.354953 0.557065 0.030660 0.041090
1 0.329953 0.562935 0.021226 0.041090
1 0.302594 0.572579 0.051415 0.062055
1 0.267925 0.567547 0.016038 0.057023
1 0.220189 0.566289 0.033019 0.037736