0 0.440094 0.621593 0.120283 0.052411
0 0.417689 0.793501 0.231132 0.257862
0 0.583962 0.803983 0.242925 0.241090
0 0.791509 0.795597 0.165094 0.245283
0 0.917099 0.753669 0.109670 0.165618
1 0.594575 0.562893 0.075472 0.127883
1 0.816863 0.564990 0.104953 0.085954
1 0.911203 0.552411 0.074292 0.073375
1 0.498467 0.533543 0.038915 0.060797
1 0.639976 0.512579 0.043632 0.077568
1 0.348703 0.562893 0.038915 0.119497
1 0.388208 0.534591 0.042453 0.062893
1 0.267335 0.564990 0.079009 0.077568
1 0.229009 0.665618 0.108491 0.211740