1 0.300943 0.633124 0.120283 0.134172
1 0.210731 0.602725 0.079009 0.127883
1 0.358726 0.523061 0.066038 0.064990
1 0.396462 0.534591 0.049528 0.075472
1 0.529717 0.538784 0.051887 0.046122
1 0.584552 0.542977 0.029481 0.058700
1 0.625236 0.542977 0.049528 0.117400
1 0.695991 0.588050 0.165094 0.148847
1 0.967099 0.571279 0.065802 0.132075
0 0.420637 0.696017 0.192217 0.113208
0 0.589269 0.677149 0.208726 0.092243
0 0.851061 0.692872 0.093160 0.127883
0 0.922995 0.666667 0.123821 0.092243
0 0.463679 0.605870 0.120283 0.033543