1 0.571580 0.542977 0.055425 0.075472
1 0.746108 0.546122 0.093160 0.077568
1 0.792689 0.541929 0.049528 0.077568
1 0.952948 0.583857 0.094104 0.123690
1 0.616391 0.532495 0.034198 0.046122
1 0.489033 0.522013 0.024764 0.058700
1 0.379953 0.548218 0.051887 0.090147
1 0.257901 0.603774 0.116745 0.155136
0 0.359906 0.850105 0.365566 0.182390
0 0.582783 0.840671 0.287736 0.184486
0 0.804481 0.812369 0.250000 0.161426
0 0.412972 0.660377 0.174528 0.058700
0 0.529717 0.642558 0.143868 0.085954
0 0.648821 0.643606 0.136792 0.075472
0 0.746698 0.644654 0.129717 0.044025