1 0.262028 0.577568 0.082547 0.090147
1 0.352241 0.573375 0.093160 0.123690
1 0.223113 0.705451 0.080189 0.165618
1 0.493160 0.541929 0.042453 0.064990
1 0.543278 0.529350 0.036557 0.069182
1 0.612854 0.559748 0.086085 0.125786
1 0.842807 0.566038 0.119104 0.113208
1 0.927712 0.571279 0.079009 0.085954
0 0.368750 0.803983 0.340802 0.207547
0 0.588679 0.805031 0.299528 0.255765
0 0.768514 0.793501 0.262972 0.211740
0 0.437736 0.626834 0.127358 0.058700
0 0.527358 0.631027 0.134434 0.033543
0 0.697759 0.633124 0.095519 0.058700