1 0.180071 0.568134 0.017689 0.041929
1 0.257311 0.562893 0.054245 0.064990
1 0.216627 0.557652 0.024764 0.062893
1 0.309198 0.548218 0.033019 0.048218
1 0.396462 0.544025 0.044811 0.060797
1 0.442453 0.547170 0.044811 0.050314
1 0.504363 0.549266 0.076651 0.050314
1 0.615212 0.567086 0.090802 0.094340
1 0.691274 0.563941 0.070755 0.083857
0 0.259670 0.703354 0.169811 0.111111
0 0.395283 0.674004 0.148585 0.102725
0 0.488443 0.657233 0.127358 0.081761
0 0.583962 0.638365 0.110849 0.069182
0 0.214858 0.635220 0.099057 0.041929