0 0.343396 0.644654 0.172170 0.056604
0 0.465448 0.622642 0.147406 0.083857
0 0.568632 0.616352 0.153302 0.067086
0 0.316863 0.841719 0.274764 0.199161
0 0.575708 0.853249 0.398585 0.176101
0 0.833255 0.831237 0.333490 0.270440
0 0.664151 0.614256 0.132075 0.050314
1 0.425943 0.527254 0.030660 0.048218
1 0.323939 0.518868 0.050708 0.027254
1 0.300943 0.549266 0.066038 0.096436
1 0.224292 0.568134 0.070755 0.184486
1 0.863443 0.576520 0.158019 0.129979
1 0.670047 0.530398 0.087264 0.092243
1 0.741391 0.510482 0.064858 0.094340
1 0.554481 0.523061 0.044811 0.039832
1 0.502594 0.533543 0.054245 0.090147