0 0.285024 0.844864 0.215802 0.222222
0 0.491981 0.873166 0.370283 0.232704
0 0.700708 0.799790 0.341981 0.199161
0 0.874646 0.776730 0.194575 0.207547
0 0.287972 0.641509 0.193396 0.079665
0 0.393514 0.635220 0.149764 0.058700
0 0.509670 0.616352 0.167453 0.058700
1 0.250825 0.554507 0.071934 0.069182
1 0.193042 0.559748 0.036557 0.125786
1 0.391156 0.535639 0.048349 0.048218
1 0.458373 0.525157 0.076651 0.073375
1 0.508491 0.515723 0.040094 0.054507
1 0.609316 0.540881 0.064858 0.083857
1 0.668278 0.526205 0.060142 0.075472
1 0.783255 0.598532 0.117925 0.115304
1 0.957665 0.605870 0.084670 0.088050