0 0.348703 0.824948 0.307783 0.169811
0 0.590448 0.800839 0.281840 0.171908
0 0.767335 0.785115 0.260613 0.132075
0 0.437736 0.629979 0.153302 0.039832
0 0.525000 0.629979 0.146226 0.035639
0 0.701887 0.634172 0.113208 0.064990
0 0.772052 0.619497 0.064858 0.056604
1 0.328066 0.583857 0.080189 0.106918
1 0.249646 0.588050 0.102594 0.102725
1 0.382311 0.520964 0.047170 0.064990
1 0.496698 0.536688 0.044811 0.067086
1 0.592807 0.554507 0.104953 0.098532
1 0.845165 0.562893 0.123821 0.119497
1 0.947759 0.600629 0.076651 0.073375
1 0.214269 0.702306 0.081368 0.192872