0 0.383491 0.865828 0.330189 0.222222
0 0.421816 0.655136 0.187500 0.102725
0 0.540920 0.656184 0.154481 0.071279
0 0.611675 0.846960 0.267689 0.184486
0 0.668278 0.661426 0.149764 0.073375
0 0.782075 0.668763 0.099057 0.071279
0 0.850472 0.645702 0.122642 0.058700
0 0.831604 0.843816 0.252358 0.174004
1 0.253184 0.624738 0.163915 0.146751
1 0.358726 0.551363 0.058962 0.075472
1 0.299764 0.534591 0.061321 0.071279
1 0.492571 0.534591 0.034198 0.058700
1 0.568042 0.537736 0.079009 0.090147
1 0.615802 0.525157 0.042453 0.064990
1 0.759080 0.547170 0.083726 0.100629
1 0.835731 0.548218 0.062500 0.081761
1 0.962382 0.604822 0.075236 0.102725