0 0.371108 0.863732 0.324292 0.197065
0 0.643514 0.874214 0.376179 0.167715
0 0.851061 0.833333 0.260613 0.157233
0 0.419458 0.649895 0.173349 0.062893
0 0.539151 0.659329 0.162736 0.073375
0 0.645283 0.655136 0.141509 0.064990
0 0.756722 0.640461 0.154481 0.064990
0 0.853420 0.640461 0.090802 0.064990
1 0.572759 0.541929 0.062500 0.085954
1 0.741391 0.538784 0.097877 0.092243
1 0.812146 0.556604 0.071934 0.073375
1 0.954835 0.573375 0.079009 0.115304
1 0.614623 0.525157 0.033019 0.052411
1 0.488443 0.526205 0.033019 0.041929
1 0.375825 0.551363 0.069575 0.075472
1 0.260259 0.602725 0.147406 0.157233