1 0.605189 0.563941 0.082547 0.104822
1 0.825708 0.563941 0.113208 0.100629
1 0.902948 0.563941 0.074292 0.100629
1 0.499057 0.547170 0.035377 0.062893
1 0.537972 0.531447 0.018868 0.064990
1 0.382901 0.527254 0.045991 0.056604
1 0.342217 0.580713 0.066038 0.067086
1 0.264387 0.570231 0.075472 0.104822
1 0.339269 0.525157 0.034198 0.039832
1 0.242571 0.693920 0.114387 0.251572
0 0.382311 0.798742 0.301887 0.285115
0 0.575118 0.812369 0.227594 0.266247
0 0.825708 0.835430 0.330189 0.194969
0 0.897641 0.742138 0.172170 0.142558
0 0.441274 0.617400 0.103774 0.035639