1 0.228100 0.570231 0.031166 0.046421
1 0.264319 0.564615 0.016004 0.045672
1 0.303487 0.567610 0.045485 0.072627
1 0.361565 0.553384 0.025691 0.041180
1 0.332505 0.553384 0.019794 0.036688
1 0.450809 0.571354 0.063174 0.057652
1 0.493346 0.575472 0.055593 0.040431
1 0.567891 0.593217 0.078336 0.069632
1 0.703504 0.608565 0.119609 0.106319
1 0.798349 0.619572 0.088443 0.099581
0 0.666737 0.674229 0.178150 0.057652
0 0.578715 0.710243 0.135192 0.086852
0 0.451230 0.748802 0.157513 0.135520
0 0.274921 0.762683 0.198113 0.174703
0 0.248585 0.654018 0.128931 0.053809
0 0.339190 0.643536 0.112028 0.028651
0 0.426376 0.637596 0.101808 0.023760
0 0.503852 0.628512 0.091981 0.027952