1 0.201297 0.621593 0.064858 0.119497
1 0.276179 0.550314 0.061321 0.064990
1 0.395283 0.518868 0.030660 0.073375
1 0.465448 0.538784 0.062500 0.067086
1 0.519693 0.524109 0.036557 0.041929
1 0.629363 0.541929 0.128538 0.060797
1 0.693042 0.546122 0.064858 0.052411
1 0.814505 0.576520 0.116745 0.096436
0 0.311557 0.844864 0.254717 0.192872
0 0.453656 0.809224 0.246462 0.209644
0 0.642335 0.772537 0.227594 0.182390
0 0.794458 0.748428 0.206368 0.150943
0 0.323939 0.641509 0.142689 0.071279
0 0.419458 0.638365 0.173349 0.052411
0 0.526179 0.623690 0.129717 0.056604