1 0.334552 0.548218 0.034198 0.048218
1 0.402948 0.555556 0.062500 0.075472
1 0.457783 0.539832 0.061321 0.052411
1 0.228420 0.540881 0.041274 0.046122
1 0.201887 0.577568 0.054245 0.069182
1 0.559198 0.540881 0.061321 0.071279
1 0.610495 0.547170 0.029481 0.062893
1 0.711910 0.556604 0.100236 0.115304
1 0.921816 0.576520 0.126179 0.159329
0 0.241391 0.857442 0.142689 0.184486
0 0.414741 0.811321 0.364387 0.209644
0 0.621698 0.789308 0.297170 0.203354
0 0.769104 0.756813 0.240566 0.155136
0 0.868750 0.711740 0.175708 0.140461
0 0.362854 0.642558 0.159198 0.069182
0 0.479009 0.640461 0.174528 0.081761
0 0.558019 0.612159 0.167453 0.054507