1 0.313915 0.601677 0.122642 0.109015
1 0.212500 0.592243 0.075472 0.148847
1 0.334552 0.522013 0.043632 0.058700
1 0.371108 0.530398 0.031840 0.071279
1 0.502594 0.554507 0.042453 0.073375
1 0.557429 0.545073 0.020047 0.062893
1 0.618160 0.571279 0.103774 0.115304
1 0.891156 0.566038 0.170991 0.113208
0 0.427123 0.640461 0.150943 0.044025
0 0.532075 0.638365 0.165094 0.039832
0 0.717217 0.647799 0.101415 0.067086
0 0.362854 0.834382 0.380896 0.176101
0 0.594575 0.845912 0.330189 0.153040
0 0.816274 0.815514 0.313679 0.171908
0 0.864033 0.654088 0.140330 0.062893