0 0.344575 0.839623 0.330189 0.169811
0 0.578656 0.814465 0.319575 0.153040
0 0.825118 0.846960 0.255896 0.230608
0 0.430071 0.628931 0.116745 0.079665
0 0.512028 0.635220 0.120283 0.071279
0 0.733726 0.631027 0.146226 0.050314
1 0.241391 0.566038 0.104953 0.138365
1 0.329835 0.592243 0.109670 0.081761
1 0.380542 0.536688 0.050708 0.058700
1 0.339858 0.532495 0.037736 0.062893
1 0.501415 0.548218 0.044811 0.044025
1 0.545047 0.541929 0.042453 0.081761
1 0.629953 0.561845 0.094340 0.117400
1 0.868750 0.572327 0.133255 0.117400
1 0.963679 0.568134 0.068396 0.125786