1 0.247877 0.644654 0.160377 0.207547
1 0.354009 0.566038 0.077830 0.054507
1 0.278538 0.551363 0.051887 0.075472
1 0.343396 0.513627 0.044811 0.050314
1 0.393514 0.524109 0.060142 0.050314
1 0.489033 0.537736 0.029481 0.081761
1 0.589858 0.536688 0.066038 0.088050
1 0.630542 0.538784 0.048349 0.033543
1 0.785024 0.556604 0.119104 0.085954
1 0.876415 0.556604 0.087264 0.077568
0 0.392925 0.744235 0.290094 0.209644
0 0.585731 0.737945 0.199292 0.197065
0 0.792689 0.741090 0.254717 0.169811
0 0.901769 0.745283 0.137972 0.140461