1 0.272052 0.564990 0.083726 0.085954
1 0.359316 0.571279 0.076651 0.077568
1 0.236675 0.688679 0.121462 0.245283
1 0.366391 0.524109 0.081368 0.041929
1 0.497288 0.546122 0.041274 0.048218
1 0.583373 0.558700 0.107311 0.090147
1 0.647641 0.518868 0.028302 0.027254
1 0.819811 0.553459 0.101415 0.088050
1 0.910613 0.568134 0.075472 0.075472
0 0.372877 0.794549 0.327830 0.251572
0 0.578656 0.790356 0.277123 0.251572
0 0.785024 0.790356 0.182783 0.268344
0 0.910024 0.745283 0.170991 0.111111
0 0.431250 0.616352 0.126179 0.033543