1 0.311468 0.568920 0.053066 0.049790
1 0.368219 0.562369 0.057488 0.070755
1 0.426445 0.542060 0.053066 0.030136
1 0.533682 0.564990 0.056751 0.081237
1 0.576430 0.565645 0.047907 0.074686
1 0.658240 0.585954 0.086232 0.083857
1 0.871462 0.601022 0.184257 0.129717
1 0.979068 0.606263 0.035377 0.108753
0 0.320991 0.660377 0.141509 0.041929
0 0.394104 0.827044 0.316038 0.190776
0 0.557429 0.769392 0.284198 0.142558
0 0.720755 0.743187 0.191038 0.140461
0 0.841627 0.709644 0.166274 0.106918
0 0.417099 0.644654 0.128538 0.056604