1 0.231368 0.589099 0.094340 0.100629
1 0.333373 0.593291 0.104953 0.092243
1 0.335141 0.525157 0.061321 0.060797
1 0.379363 0.526205 0.043632 0.025157
1 0.512028 0.556604 0.049528 0.081761
1 0.613443 0.559748 0.103774 0.117400
1 0.866391 0.560797 0.133255 0.094340
1 0.961910 0.585954 0.064858 0.102725
1 0.214269 0.697065 0.062500 0.106918
0 0.357547 0.820755 0.344340 0.174004
0 0.591038 0.806080 0.280660 0.178197
0 0.776179 0.815514 0.228774 0.197065
0 0.429481 0.641509 0.125000 0.071279
0 0.529127 0.635220 0.140330 0.037736
0 0.706604 0.636268 0.096698 0.060797