1 0.223113 0.595388 0.101415 0.113208
1 0.315094 0.545073 0.108491 0.058700
1 0.456014 0.533543 0.043632 0.044025
1 0.533844 0.525157 0.086085 0.098532
1 0.585141 0.529350 0.040094 0.044025
1 0.697759 0.535639 0.100236 0.077568
1 0.773821 0.535639 0.066038 0.077568
1 0.911792 0.571279 0.139151 0.098532
0 0.394104 0.644654 0.155660 0.073375
0 0.356368 0.853249 0.304245 0.201258
0 0.562146 0.793501 0.317217 0.169811
0 0.490212 0.633124 0.133255 0.071279
0 0.588090 0.637317 0.147406 0.050314
0 0.695401 0.634172 0.149764 0.044025
0 0.784434 0.833333 0.261792 0.253669