1 0.209552 0.704403 0.074292 0.146751
1 0.245519 0.579665 0.117925 0.123690
1 0.341627 0.592243 0.079009 0.111111
1 0.346934 0.531447 0.117925 0.064990
1 0.510849 0.539832 0.047170 0.077568
1 0.603420 0.566038 0.067217 0.092243
1 0.553891 0.545073 0.010613 0.088050
1 0.657075 0.533543 0.049528 0.039832
1 0.849882 0.560797 0.121462 0.098532
1 0.945401 0.574423 0.076651 0.109015
0 0.348703 0.822851 0.307783 0.203354
0 0.594575 0.808176 0.301887 0.220126
0 0.799764 0.802935 0.235849 0.201258
0 0.426533 0.635220 0.135613 0.050314
0 0.519693 0.633124 0.133255 0.029350