0 0.269104 0.646751 0.153302 0.064990
0 0.296226 0.787212 0.231132 0.207547
0 0.369929 0.664570 0.097877 0.062893
0 0.476651 0.727463 0.264151 0.109015
0 0.440094 0.643606 0.099057 0.041929
0 0.598113 0.716981 0.162736 0.096436
0 0.494929 0.648847 0.109670 0.035639
0 0.714269 0.723270 0.204009 0.075472
1 0.756132 0.620545 0.106132 0.129979
1 0.853420 0.614256 0.083726 0.100629
1 0.605778 0.599581 0.088443 0.054507
1 0.475472 0.566038 0.051887 0.062893
1 0.517925 0.566038 0.044811 0.033543
1 0.367571 0.555556 0.057783 0.050314
1 0.321580 0.571279 0.045991 0.064990
1 0.286792 0.559748 0.025943 0.046122
1 0.249057 0.574423 0.042453 0.046122