1 0.763797 0.606918 0.130896 0.136268
1 0.872288 0.617400 0.090802 0.119497
1 0.609316 0.593291 0.076651 0.088050
1 0.474882 0.572327 0.062500 0.067086
1 0.522641 0.569182 0.037736 0.052411
1 0.388208 0.556604 0.025943 0.039832
1 0.361085 0.555556 0.018868 0.037736
1 0.331604 0.579665 0.049528 0.064990
1 0.260259 0.571279 0.027123 0.039832
1 0.298585 0.561845 0.011792 0.037736
0 0.321580 0.828092 0.270047 0.188679
0 0.504953 0.778826 0.214623 0.203354
0 0.625825 0.747379 0.147406 0.186583
0 0.276179 0.648847 0.155660 0.056604