1 0.239623 0.659329 0.150943 0.161426
1 0.368160 0.568134 0.063679 0.092243
1 0.290920 0.556604 0.062500 0.081761
1 0.489623 0.535639 0.042453 0.048218
1 0.563325 0.548218 0.083726 0.064990
1 0.627594 0.536688 0.051887 0.041929
1 0.769104 0.563941 0.110849 0.067086
1 0.849882 0.568134 0.064858 0.067086
0 0.368160 0.866876 0.377358 0.186583
0 0.596934 0.848008 0.325472 0.174004
0 0.840920 0.848008 0.318160 0.165618
0 0.555071 0.701258 0.168632 0.157233
0 0.397052 0.713836 0.253538 0.115304
0 0.698349 0.701258 0.245283 0.123690