1 0.228420 0.613208 0.109670 0.119497
1 0.327476 0.547170 0.069575 0.083857
1 0.255542 0.524109 0.060142 0.079665
1 0.448349 0.519916 0.037736 0.058700
1 0.513797 0.528302 0.074292 0.071279
1 0.570401 0.519916 0.055425 0.037736
1 0.714269 0.542977 0.126179 0.075472
1 0.892335 0.597484 0.161557 0.134172
0 0.375825 0.653040 0.149764 0.073375
0 0.359906 0.849057 0.325472 0.213836
0 0.556250 0.815514 0.312500 0.201258
0 0.743750 0.781971 0.310142 0.201258
0 0.483726 0.634172 0.150943 0.094340
0 0.578656 0.637317 0.140330 0.062893
0 0.682429 0.624738 0.126179 0.054507
0 0.918750 0.774633 0.162500 0.169811