0 0.302123 0.812369 0.254717 0.157233
0 0.450708 0.753669 0.176887 0.157233
0 0.582783 0.718029 0.136792 0.119497
0 0.682429 0.699161 0.119104 0.098532
0 0.253302 0.651992 0.141509 0.046122
0 0.355503 0.644305 0.136792 0.039133
0 0.432783 0.637317 0.102987 0.033543
0 0.509355 0.632425 0.112421 0.020964
1 0.234827 0.569532 0.035377 0.048917
1 0.306761 0.574423 0.055031 0.072676
1 0.279638 0.564640 0.024371 0.061495
1 0.363758 0.565339 0.027516 0.068484
1 0.463208 0.568134 0.055031 0.062893
1 0.498585 0.573026 0.034591 0.055905
1 0.577201 0.588400 0.081761 0.067086
1 0.709984 0.600978 0.143868 0.128581
1 0.823978 0.614256 0.079403 0.096436