0 0.329835 0.840671 0.300708 0.167715
0 0.509080 0.790356 0.222877 0.197065
0 0.650590 0.756813 0.187500 0.155136
0 0.754363 0.720126 0.182783 0.111111
0 0.282075 0.656184 0.158019 0.050314
0 0.380542 0.643606 0.152123 0.058700
1 0.336321 0.568134 0.056604 0.075472
1 0.262618 0.567086 0.053066 0.039832
1 0.395047 0.553878 0.019340 0.036059
1 0.488774 0.570650 0.057547 0.059539
1 0.538538 0.570231 0.035377 0.057023
1 0.615283 0.589937 0.090566 0.081342
1 0.777642 0.606960 0.160377 0.110692
1 0.891557 0.609476 0.056132 0.100629