1 0.262618 0.621593 0.154481 0.136268
1 0.371698 0.559748 0.054245 0.075472
1 0.293278 0.532495 0.074292 0.062893
1 0.354009 0.524109 0.051887 0.046122
1 0.501415 0.534591 0.033019 0.071279
1 0.563915 0.536688 0.082547 0.079665
1 0.618750 0.529350 0.038915 0.039832
1 0.762028 0.544025 0.084906 0.085954
1 0.822170 0.555556 0.066038 0.083857
1 0.962382 0.594340 0.075236 0.119497
0 0.355778 0.872117 0.373821 0.180294
0 0.598703 0.855346 0.281840 0.171908
0 0.830425 0.850105 0.254717 0.161426
0 0.421816 0.662474 0.206368 0.088050
0 0.543868 0.660377 0.158019 0.088050
0 0.656486 0.669811 0.154481 0.064990
0 0.777358 0.667715 0.162736 0.060797