0 0.385849 0.849057 0.318396 0.150943
0 0.592807 0.836478 0.262972 0.155136
0 0.822170 0.820755 0.271226 0.132075
0 0.400590 0.697065 0.244104 0.140461
0 0.561557 0.692872 0.202830 0.136268
0 0.736085 0.701258 0.252358 0.106918
0 0.896462 0.703354 0.205189 0.094340
1 0.368750 0.562893 0.064858 0.073375
1 0.234906 0.644654 0.115566 0.153040
1 0.499646 0.548218 0.055425 0.035639
1 0.565684 0.542977 0.071934 0.092243
1 0.614033 0.541929 0.045991 0.056604
1 0.766745 0.572327 0.077830 0.134172
1 0.844575 0.560797 0.058962 0.090147
1 0.984906 0.582809 0.028302 0.113208
1 0.302712 0.539832 0.076651 0.069182