0 0.404127 0.642558 0.135613 0.073375
0 0.364623 0.842767 0.299528 0.213836
0 0.575118 0.818658 0.293632 0.178197
0 0.785024 0.796646 0.241745 0.159329
0 0.524410 0.639413 0.173349 0.050314
0 0.618160 0.632075 0.150943 0.044025
0 0.720755 0.635220 0.101415 0.071279
0 0.825118 0.635220 0.086085 0.058700
1 0.246108 0.609015 0.128538 0.136268
1 0.337500 0.538784 0.063679 0.083857
1 0.468396 0.534591 0.051887 0.054507
1 0.532665 0.527254 0.071934 0.077568
1 0.605189 0.516771 0.054245 0.035639
1 0.721344 0.540881 0.074292 0.088050
1 0.791509 0.530398 0.047170 0.062893
1 0.934198 0.563941 0.113208 0.129979