0 0.278195 0.726365 0.202145 0.098632
1 0.639976 0.557652 0.112028 0.088050
1 0.716627 0.563941 0.055425 0.083857
1 0.533844 0.555556 0.081368 0.083857
1 0.458962 0.551363 0.044811 0.046122
1 0.419458 0.553459 0.060142 0.050314
1 0.326763 0.550265 0.030885 0.019966
1 0.301494 0.551263 0.010669 0.029949
1 0.271170 0.562743 0.045485 0.046920
1 0.243655 0.568733 0.012916 0.038934
1 0.193958 0.571229 0.033693 0.025956
0 0.410714 0.690027 0.160602 0.077868
0 0.522462 0.660577 0.133648 0.072876
0 0.591532 0.627134 0.113432 0.031946
0 0.236074 0.647599 0.120171 0.020964
0 0.333221 0.622142 0.133648 0.021963
0 0.405099 0.617151 0.101078 0.019966