0 0.293735 0.770942 0.234311 0.116671
0 0.447037 0.733115 0.164582 0.104822
0 0.572754 0.703947 0.114336 0.075654
0 0.642227 0.693920 0.129204 0.062893
0 0.252102 0.652630 0.134844 0.043752
0 0.343314 0.640780 0.123052 0.032814
0 0.434321 0.645793 0.121514 0.024610
0 0.508870 0.639413 0.084598 0.019141
0 0.230824 0.612524 0.085111 0.001823
1 0.697908 0.608787 0.111772 0.115760
1 0.792248 0.621092 0.074856 0.087503
1 0.565781 0.599216 0.083573 0.061982
1 0.491181 0.573239 0.043068 0.057424
1 0.452215 0.580075 0.051272 0.049221
1 0.300656 0.577340 0.046144 0.061982
1 0.354491 0.549540 0.028712 0.037371
1 0.326805 0.559110 0.010254 0.029168
1 0.219647 0.571416 0.042043 0.042840
1 0.255794 0.571871 0.019996 0.030991