1 0.231958 0.587002 0.083726 0.113208
1 0.331604 0.601677 0.089623 0.092243
1 0.356958 0.531447 0.079009 0.039832
1 0.496108 0.546122 0.038915 0.052411
1 0.545047 0.541929 0.033019 0.098532
1 0.615212 0.558700 0.086085 0.127883
1 0.859906 0.572327 0.148585 0.104822
1 0.961321 0.573375 0.073113 0.115304
0 0.356958 0.816562 0.295991 0.165618
0 0.588679 0.803983 0.299528 0.207547
0 0.802123 0.797694 0.280660 0.178197
0 0.430660 0.627883 0.120283 0.060797
0 0.527358 0.631027 0.125000 0.071279
0 0.738443 0.625786 0.155660 0.039832