1 0.264976 0.622642 0.147406 0.125786
1 0.370519 0.550314 0.066038 0.052411
1 0.306250 0.535639 0.050708 0.081761
1 0.491391 0.531447 0.036557 0.064990
1 0.564505 0.542977 0.083726 0.092243
1 0.616391 0.524109 0.043632 0.054507
1 0.759080 0.552411 0.076651 0.102725
1 0.819222 0.548218 0.060142 0.090147
1 0.948349 0.588050 0.099057 0.115304
0 0.431840 0.653040 0.162736 0.094340
0 0.397641 0.860587 0.346698 0.190776
0 0.214858 0.823899 0.087264 0.167715
0 0.644693 0.836478 0.340802 0.167715
0 0.829245 0.811321 0.176887 0.142558
0 0.542099 0.660377 0.189858 0.046122
0 0.652948 0.656184 0.142689 0.041929
0 0.779717 0.654088 0.146226 0.083857