1 0.254953 0.635220 0.179245 0.159329
1 0.372288 0.557652 0.064858 0.071279
1 0.301533 0.534591 0.050708 0.075472
1 0.354599 0.513627 0.029481 0.050314
1 0.489623 0.537736 0.033019 0.052411
1 0.562146 0.549266 0.093160 0.083857
1 0.621698 0.537736 0.049528 0.048218
1 0.750825 0.558700 0.083726 0.102725
1 0.825118 0.561845 0.057783 0.113208
1 0.957783 0.567086 0.075472 0.115304
0 0.416509 0.663522 0.181604 0.081761
0 0.367571 0.845912 0.369104 0.186583
0 0.602241 0.853249 0.279481 0.192872
0 0.544458 0.661426 0.145047 0.090147
0 0.660024 0.668763 0.130896 0.071279
0 0.778538 0.654088 0.207547 0.079665
0 0.846934 0.845912 0.250000 0.161426