0 0.280307 0.623690 0.116745 0.035639
0 0.387028 0.611111 0.122642 0.018868
0 0.260849 0.707547 0.153302 0.111111
0 0.384080 0.680294 0.173349 0.098532
0 0.489623 0.658281 0.129717 0.096436
0 0.561557 0.627883 0.084906 0.073375
1 0.690094 0.552411 0.061321 0.060797
1 0.608726 0.557652 0.084906 0.092243
1 0.499646 0.559748 0.093160 0.075472
1 0.437146 0.554507 0.031840 0.044025
1 0.394693 0.550314 0.041274 0.077568
1 0.298585 0.548218 0.035377 0.035639
1 0.275590 0.549266 0.022406 0.029350
1 0.237264 0.563941 0.056604 0.067086