0 0.247288 0.668763 0.147406 0.041929
0 0.342807 0.647799 0.149764 0.079665
0 0.421226 0.842767 0.325472 0.213836
0 0.600472 0.800839 0.299528 0.184486
0 0.775590 0.754717 0.194575 0.142558
0 0.849882 0.709644 0.218160 0.119497
0 0.446580 0.628931 0.149764 0.079665
1 0.397641 0.552411 0.056604 0.060797
1 0.560967 0.541929 0.062500 0.060797
1 0.614033 0.537736 0.053066 0.073375
1 0.718986 0.573375 0.128538 0.085954
1 0.904127 0.570231 0.159198 0.129979
1 0.321580 0.549266 0.055425 0.046122
1 0.450708 0.528302 0.042453 0.058700
1 0.210141 0.563941 0.061321 0.100629