1 0.235641 0.571464 0.038152 0.049328
1 0.276221 0.560365 0.019423 0.061660
1 0.312639 0.573314 0.042314 0.085091
1 0.368826 0.553582 0.031215 0.035763
1 0.339345 0.558515 0.011099 0.050561
1 0.458171 0.565668 0.054800 0.055494
1 0.508463 0.569984 0.044395 0.044395
1 0.578108 0.589099 0.091565 0.065359
1 0.730508 0.604513 0.135266 0.118387
1 0.831784 0.610679 0.079772 0.101122
0 0.260266 0.657664 0.134573 0.028364
0 0.301540 0.769269 0.261515 0.086324
0 0.459351 0.732273 0.155383 0.128253
0 0.576790 0.707979 0.136654 0.085091
0 0.665580 0.685781 0.132492 0.055494