1 0.268514 0.568134 0.036557 0.041929
1 0.337854 0.570755 0.051887 0.072327
1 0.370873 0.555031 0.014151 0.038784
1 0.397700 0.553459 0.026533 0.029350
1 0.492335 0.568134 0.066038 0.052411
1 0.541568 0.563941 0.038325 0.035639
1 0.623172 0.568344 0.094929 0.092243
1 0.785554 0.591405 0.157429 0.129979
1 0.913502 0.614990 0.092571 0.089099
0 0.328833 0.842034 0.294222 0.181342
0 0.499410 0.770755 0.252358 0.193920
0 0.651592 0.738784 0.185731 0.153040
0 0.727064 0.711006 0.164505 0.126834
0 0.281073 0.646017 0.135024 0.078616
0 0.382193 0.644444 0.141509 0.058700