0 0.332783 0.653040 0.153302 0.064990
0 0.308608 0.865828 0.267689 0.255765
0 0.485495 0.820755 0.319575 0.211740
0 0.697170 0.805031 0.308962 0.230608
0 0.434198 0.625786 0.141509 0.081761
0 0.534434 0.622642 0.120283 0.054507
0 0.624057 0.613208 0.129717 0.044025
0 0.831014 0.766247 0.180425 0.165618
1 0.283255 0.550314 0.066038 0.060797
1 0.409434 0.531447 0.035377 0.039832
1 0.478420 0.527254 0.069575 0.094340
1 0.533255 0.514675 0.037736 0.039832
1 0.648821 0.537736 0.087264 0.077568
1 0.713090 0.531447 0.067217 0.085954
1 0.840448 0.575472 0.140330 0.119497
1 0.205425 0.580713 0.051887 0.167715