0 0.293418 0.754717 0.210477 0.097834
0 0.249821 0.648625 0.116852 0.027952
0 0.452401 0.724922 0.149371 0.093387
0 0.343411 0.634077 0.105060 0.033670
0 0.559784 0.699511 0.095412 0.081952
0 0.417560 0.619147 0.086121 0.030494
0 0.497570 0.628994 0.047885 0.040023
0 0.639079 0.683946 0.157947 0.030494
1 0.219054 0.566419 0.031447 0.035576
1 0.256039 0.563560 0.021798 0.041293
1 0.289094 0.564513 0.054317 0.073693
1 0.352702 0.558796 0.026444 0.029223
1 0.326973 0.559748 0.015723 0.037482
1 0.441824 0.569278 0.051458 0.052729
1 0.481311 0.570866 0.046098 0.036846
1 0.550279 0.588654 0.074686 0.067340
1 0.681318 0.601677 0.092910 0.095928
1 0.763079 0.609618 0.082190 0.083857