0 0.282028 0.751363 0.209906 0.145912
1 0.776981 0.615933 0.072642 0.096436
1 0.692075 0.609644 0.108491 0.097275
1 0.297972 0.572075 0.052358 0.065409
1 0.268491 0.569979 0.019811 0.051153
1 0.354104 0.555304 0.025000 0.021803
1 0.442783 0.567463 0.055189 0.064570
1 0.484292 0.573753 0.045755 0.046960
1 0.555047 0.592201 0.078774 0.068763
0 0.442642 0.723522 0.157547 0.117400
0 0.561038 0.698784 0.118868 0.074633
0 0.632264 0.677400 0.085849 0.070440
0 0.245849 0.654507 0.128302 0.047799
0 0.339481 0.640671 0.098585 0.051992
0 0.416321 0.634382 0.095283 0.041090