1 0.243809 0.568658 0.047759 0.049266
1 0.281545 0.563417 0.018278 0.066038
1 0.321050 0.567086 0.051297 0.088050
1 0.379127 0.558176 0.034198 0.032495
1 0.348172 0.550314 0.020637 0.041929
1 0.467512 0.564990 0.064269 0.056604
1 0.516450 0.568658 0.051297 0.047170
1 0.594634 0.592767 0.079599 0.057652
1 0.745578 0.609539 0.117335 0.122642
1 0.842630 0.612683 0.097288 0.097484
0 0.256014 0.658805 0.148585 0.066038
0 0.356545 0.648847 0.117335 0.046122
0 0.442512 0.635220 0.103184 0.041929
0 0.306073 0.810482 0.262382 0.159329
0 0.468219 0.762788 0.182193 0.147799
0 0.589564 0.736583 0.179835 0.126834
0 0.680071 0.687317 0.109670 0.074423