0 0.365212 0.638365 0.135613 0.085954
0 0.427123 0.837526 0.292453 0.224319
0 0.651769 0.792453 0.274764 0.176101
0 0.788561 0.745283 0.241745 0.161426
0 0.462500 0.628931 0.150943 0.079665
0 0.561557 0.613208 0.110849 0.064990
1 0.245519 0.540881 0.037736 0.037736
1 0.214269 0.571279 0.067217 0.064990
1 0.343986 0.541929 0.038915 0.044025
1 0.408844 0.539832 0.045991 0.081761
1 0.468396 0.535639 0.056604 0.031447
1 0.577476 0.536688 0.064858 0.067086
1 0.630542 0.539832 0.053066 0.073375
1 0.734316 0.571279 0.107311 0.098532
1 0.934670 0.578616 0.130660 0.163522
0 0.246698 0.835430 0.146226 0.174004
0 0.263208 0.653040 0.176887 0.073375