0 0.292639 0.787046 0.231504 0.118062
0 0.463009 0.751186 0.170060 0.119166
0 0.592850 0.720843 0.107994 0.095995
0 0.677073 0.693258 0.097443 0.054066
0 0.249007 0.656847 0.140268 0.036412
0 0.344278 0.644158 0.124752 0.035308
0 0.433031 0.634227 0.111097 0.035308
0 0.497890 0.634227 0.089374 0.024275
1 0.228525 0.564162 0.032274 0.049652
1 0.309521 0.575196 0.044067 0.062893
1 0.274143 0.561955 0.024206 0.060686
1 0.351291 0.555335 0.049652 0.047446
1 0.476291 0.566920 0.088133 0.066203
1 0.573610 0.598919 0.064548 0.070617
1 0.744228 0.602781 0.210402 0.124683