0 0.296030 0.740182 0.167846 0.134172
0 0.258097 0.641999 0.128931 0.030049
0 0.344300 0.631307 0.107311 0.033543
0 0.428931 0.615304 0.084119 0.030049
0 0.488404 0.603774 0.066431 0.032145
0 0.436517 0.685535 0.170991 0.072676
0 0.545008 0.660028 0.136399 0.051013
0 0.623310 0.641370 0.095519 0.050314
1 0.673585 0.564850 0.098270 0.102725
1 0.765173 0.569741 0.091195 0.083159
1 0.546344 0.563103 0.063286 0.050314
1 0.437303 0.557652 0.056211 0.046122
1 0.481722 0.558001 0.048349 0.030049
1 0.300157 0.565129 0.047170 0.053809
1 0.351258 0.551852 0.021226 0.028651
1 0.326494 0.555695 0.015723 0.020964
1 0.259277 0.570370 0.025157 0.034941
1 0.222917 0.573166 0.029481 0.033543