1 0.390566 0.557652 0.054245 0.092243
1 0.322759 0.551363 0.034198 0.058700
1 0.202476 0.574423 0.062500 0.104822
1 0.452476 0.535639 0.036557 0.039832
1 0.556840 0.537736 0.056604 0.081761
1 0.609906 0.544025 0.044811 0.064990
1 0.684198 0.567086 0.103774 0.094340
1 0.889387 0.576520 0.148585 0.142558
0 0.346934 0.648847 0.139151 0.064990
0 0.402948 0.836478 0.303066 0.176101
0 0.601651 0.792453 0.266509 0.205451
0 0.449528 0.623690 0.172170 0.060797
0 0.777358 0.750524 0.200472 0.159329
0 0.885849 0.721174 0.176887 0.117400
0 0.522052 0.624738 0.137972 0.037736