0 0.290920 0.738994 0.196934 0.157233
0 0.443042 0.705451 0.180425 0.132075
0 0.554481 0.683438 0.132075 0.096436
0 0.631132 0.658281 0.113208 0.092243
0 0.255765 0.652768 0.130154 0.042705
0 0.353075 0.627921 0.139762 0.041152
0 0.427455 0.618604 0.098270 0.036494
0 0.486854 0.616275 0.079053 0.027176
0 0.236461 0.612392 0.080363 0.013200
1 0.221829 0.571628 0.038871 0.031058
1 0.298480 0.565417 0.045423 0.060564
1 0.268344 0.563864 0.014850 0.052799
1 0.443484 0.563864 0.062020 0.063670
1 0.489125 0.566193 0.043239 0.035717
1 0.553678 0.577452 0.072939 0.067552
1 0.674004 0.589099 0.105695 0.101716
1 0.768955 0.589875 0.078616 0.075316
1 0.354603 0.555788 0.026642 0.024847
1 0.329053 0.560835 0.019217 0.030282