0 0.302712 0.777778 0.253538 0.125786
0 0.441863 0.750524 0.199292 0.109015
0 0.582193 0.715933 0.147406 0.094340
0 0.675227 0.699899 0.106569 0.071434
0 0.250786 0.642829 0.132774 0.036494
0 0.344340 0.646712 0.123166 0.027176
0 0.422213 0.635841 0.067697 0.042705
0 0.493929 0.637782 0.101765 0.018635
1 0.709032 0.616042 0.111810 0.121127
1 0.802717 0.623806 0.081674 0.090069
1 0.561845 0.594301 0.077743 0.066775
1 0.494147 0.574501 0.045423 0.048917
1 0.447196 0.573725 0.061583 0.056681
1 0.296558 0.576442 0.046296 0.072987
1 0.267732 0.560137 0.020964 0.065222
1 0.356831 0.565184 0.024458 0.042705
1 0.329970 0.555478 0.017034 0.037270
1 0.224057 0.568678 0.044549 0.045035