0 0.270873 0.657233 0.145047 0.064990
0 0.333962 0.851153 0.304245 0.226415
0 0.467807 0.861635 0.411557 0.192872
0 0.675943 0.802935 0.261792 0.243187
0 0.868750 0.773585 0.201651 0.167715
0 0.928891 0.745283 0.088443 0.178197
1 0.428891 0.555556 0.057783 0.083857
1 0.489033 0.523061 0.043632 0.048218
1 0.581604 0.531447 0.077830 0.090147
1 0.641745 0.538784 0.040094 0.067086
1 0.744929 0.569182 0.112028 0.106918
1 0.921108 0.597484 0.157783 0.134172
1 0.357547 0.531447 0.033019 0.069182
1 0.253184 0.518868 0.031840 0.044025
1 0.227241 0.573375 0.055425 0.073375
1 0.210731 0.525157 0.041274 0.044025