0 0.342807 0.835430 0.293632 0.211740
0 0.599292 0.852201 0.382075 0.178197
0 0.825708 0.824948 0.235849 0.190776
0 0.381722 0.647799 0.163915 0.075472
0 0.496108 0.638365 0.140330 0.064990
0 0.593396 0.634172 0.134434 0.056604
0 0.703066 0.619497 0.132075 0.056604
1 0.907075 0.569182 0.153302 0.115304
1 0.761439 0.511530 0.045991 0.104822
1 0.682429 0.519916 0.062500 0.071279
1 0.585141 0.518868 0.044811 0.039832
1 0.517335 0.530398 0.097877 0.104822
1 0.451887 0.515723 0.042453 0.054507
1 0.369340 0.524109 0.073113 0.029350
1 0.236085 0.612159 0.122642 0.138365
1 0.333373 0.548218 0.050708 0.077568