0 0.381132 0.808176 0.292453 0.270440
0 0.578656 0.799790 0.251179 0.249476
0 0.735495 0.775681 0.251179 0.171908
0 0.434198 0.622642 0.117925 0.050314
0 0.519693 0.618449 0.130896 0.025157
1 0.606958 0.569182 0.069575 0.115304
1 0.822170 0.561845 0.127358 0.104822
1 0.923585 0.554507 0.084906 0.094340
1 0.644693 0.523061 0.034198 0.035639
1 0.492571 0.542977 0.043632 0.041929
1 0.342807 0.580713 0.071934 0.100629
1 0.380542 0.523061 0.038915 0.064990
1 0.339269 0.511530 0.029481 0.050314
1 0.259080 0.561845 0.086085 0.113208