1 0.675314 0.600542 0.104167 0.091719
1 0.763021 0.610150 0.090900 0.067261
1 0.554442 0.584993 0.070755 0.060273
1 0.488109 0.568833 0.045204 0.041929
1 0.444379 0.571017 0.056014 0.058526
1 0.302771 0.566038 0.046187 0.059399
1 0.328567 0.556429 0.030955 0.027952
1 0.353872 0.555992 0.039308 0.027079
1 0.271816 0.564727 0.022602 0.053284
1 0.224155 0.569969 0.038325 0.042802
0 0.296138 0.737683 0.196050 0.133648
0 0.438876 0.699686 0.157233 0.104822
0 0.523929 0.680031 0.123919 0.086478
0 0.597926 0.658194 0.089917 0.070755
0 0.257321 0.656883 0.141018 0.038435
0 0.354756 0.633298 0.100236 0.041929
0 0.421138 0.617138 0.081073 0.042802
0 0.474204 0.616702 0.062402 0.026205
0 0.234473 0.613208 0.070755 0.029700