0 0.369929 0.868973 0.331368 0.161426
0 0.619929 0.871069 0.314858 0.157233
0 0.838679 0.842767 0.233491 0.138365
0 0.417689 0.668763 0.202830 0.079665
0 0.541509 0.678197 0.186321 0.081761
0 0.674175 0.675052 0.147406 0.088050
0 0.784434 0.674004 0.136792 0.069182
0 0.894104 0.660377 0.169811 0.075472
1 0.247877 0.635220 0.165094 0.146751
1 0.370519 0.564990 0.068396 0.069182
1 0.286792 0.533543 0.066038 0.077568
1 0.563915 0.542977 0.080189 0.109015
1 0.625825 0.527254 0.043632 0.048218
1 0.757311 0.552411 0.099057 0.090147
1 0.841627 0.553459 0.055425 0.062893
1 0.972995 0.600629 0.054009 0.094340
1 0.493160 0.533543 0.021226 0.039832
1 0.371698 0.523061 0.066038 0.064990