0 0.338679 0.677149 0.198113 0.171908
0 0.479599 0.716981 0.234670 0.138365
0 0.643514 0.708595 0.180425 0.171908
0 0.481958 0.873166 0.411557 0.207547
0 0.731368 0.889937 0.320755 0.199161
0 0.507901 0.602725 0.088443 0.073375
1 0.407665 0.528302 0.057783 0.083857
1 0.334552 0.524109 0.074292 0.113208
1 0.206014 0.719078 0.100236 0.339623
1 0.580425 0.558700 0.051887 0.115304
1 0.663561 0.559748 0.071934 0.092243
1 0.733726 0.519916 0.051887 0.088050
1 0.824528 0.589099 0.106132 0.142558
1 0.956486 0.670860 0.087028 0.255765