1 0.243750 0.747379 0.119104 0.274633
1 0.184198 0.568134 0.037736 0.075472
1 0.339858 0.540881 0.075472 0.062893
1 0.407075 0.533543 0.040094 0.090147
1 0.583373 0.569182 0.060142 0.111111
1 0.641156 0.550314 0.005896 0.014675
1 0.666509 0.581761 0.018868 0.006289
1 0.665920 0.555556 0.048349 0.083857
1 0.773231 0.589099 0.104953 0.159329
1 0.939976 0.638365 0.120047 0.274633
0 0.502594 0.682390 0.174528 0.119497
0 0.378774 0.675052 0.106132 0.121593
0 0.464858 0.874214 0.349057 0.251572
0 0.678302 0.874214 0.311321 0.251572
0 0.617571 0.666667 0.215802 0.138365
0 0.690684 0.729560 0.060142 0.016771
0 0.493160 0.577568 0.077830 0.006289