1 0.228420 0.735849 0.126179 0.259958
1 0.189505 0.558700 0.067217 0.069182
1 0.340448 0.528302 0.069575 0.083857
1 0.416509 0.528302 0.056604 0.096436
1 0.577476 0.559748 0.067217 0.088050
1 0.661792 0.536688 0.063679 0.109015
1 0.785024 0.602725 0.123821 0.199161
1 0.940566 0.635220 0.118868 0.301887
0 0.364623 0.688679 0.108491 0.132075
0 0.486085 0.688679 0.207547 0.119497
0 0.631722 0.688679 0.161557 0.169811
0 0.579245 0.949686 0.000000 0.016771
0 0.485495 0.881551 0.404481 0.236897
0 0.748467 0.868973 0.413915 0.228512
0 0.513797 0.592243 0.076651 0.073375