1 0.221934 0.718029 0.087264 0.241090
1 0.175943 0.566038 0.014151 0.088050
1 0.335141 0.514675 0.056604 0.119497
1 0.402948 0.544025 0.045991 0.081761
1 0.585141 0.566038 0.068396 0.100629
1 0.657075 0.550314 0.044811 0.069182
1 0.785024 0.577568 0.086085 0.165618
1 0.967099 0.656184 0.065802 0.268344
1 0.714858 0.526205 0.040094 0.088050
0 0.368750 0.681342 0.152123 0.121593
0 0.483137 0.719078 0.251179 0.125786
0 0.632901 0.716981 0.189858 0.159329
0 0.483726 0.889937 0.344340 0.203354
0 0.750236 0.888889 0.339623 0.222222