1 0.655307 0.512579 0.055425 0.094340
1 0.539741 0.512579 0.050708 0.085954
1 0.476061 0.519916 0.048349 0.079665
1 0.420047 0.520964 0.058962 0.081761
0 0.731368 0.546122 0.075472 0.052411
0 0.806250 0.546122 0.074292 0.048218
0 0.884080 0.540881 0.088443 0.046122
0 0.545637 0.796646 0.435142 0.255765
0 0.198349 0.792453 0.389151 0.176101
0 0.410024 0.612159 0.114387 0.062893
0 0.522052 0.612159 0.116745 0.062893
0 0.641745 0.606918 0.122642 0.052411
0 0.772641 0.603774 0.167453 0.054507
0 0.917099 0.596436 0.126179 0.052411